


Randomized Values 

Original array:
	 12823 8840 5487 14522 16582 24840 27775 1301 19281 17877 14099 10155 5340 11404 13088 13353 14768 31336 17096 3771 11672 13075 32220 18304 31114 20412 31904 19003 31882 3178 16334 13899 13260 8080 23005 29405 19993 4065 15746 21344 3699 7269 21880 24633 16892 27341 18813 6072 19732 28676 5277 15179 5058 18182 20658 31986 16725 27125 23340 8435 13131 362 14094 26575 2929 15881 20537 21620 11596 28760 1005 8884 10936 21201 4749 502 25551 14901 24226 26668 24076 8228 7459 4357 5808 15339 23284 32099 21605 7581 31660 1807 15394 32613 5531 23724 11598 16666 20236 31209 

Selection Sort
	Sorted: 362 502 1005 1301 1807 2929 3178 3699 3771 4065 4357 4749 5058 5277 5340 5487 5531 5808 6072 7269 7459 7581 8080 8228 8435 8840 8884 10155 10936 11404 11596 11598 11672 12823 13075 13088 13131 13260 13353 13899 14094 14099 14522 14768 14901 15179 15339 15394 15746 15881 16334 16582 16666 16725 16892 17096 17877 18182 18304 18813 19003 19281 19732 19993 20236 20412 20537 20658 21201 21344 21605 21620 21880 23005 23284 23340 23724 24076 24226 24633 24840 25551 26575 26668 27125 27341 27775 28676 28760 29405 31114 31209 31336 31660 31882 31904 31986 32099 32220 32613 

Bubble Sort
	Sorted: 362 502 1005 1301 1807 2929 3178 3699 3771 4065 4357 4749 5058 5277 5340 5487 5531 5808 6072 7269 7459 7581 8080 8228 8435 8840 8884 10155 10936 11404 11596 11598 11672 12823 13075 13088 13131 13260 13353 13899 14094 14099 14522 14768 14901 15179 15339 15394 15746 15881 16334 16582 16666 16725 16892 17096 17877 18182 18304 18813 19003 19281 19732 19993 20236 20412 20537 20658 21201 21344 21605 21620 21880 23005 23284 23340 23724 24076 24226 24633 24840 25551 26575 26668 27125 27341 27775 28676 28760 29405 31114 31209 31336 31660 31882 31904 31986 32099 32220 32613 

Insertion Sort
	Sorted: 362 502 1005 1301 1807 2929 3178 3699 3771 4065 4357 4749 5058 5277 5340 5487 5531 5808 6072 7269 7459 7581 8080 8228 8435 8840 8884 10155 10936 11404 11596 11598 11672 12823 13075 13088 13131 13260 13353 13899 14094 14099 14522 14768 14901 15179 15339 15394 15746 15881 16334 16582 16666 16725 16892 17096 17877 18182 18304 18813 19003 19281 19732 19993 20236 20412 20537 20658 21201 21344 21605 21620 21880 23005 23284 23340 23724 24076 24226 24633 24840 25551 26575 26668 27125 27341 27775 28676 28760 29405 31114 31209 31336 31660 31882 31904 31986 32099 32220 32613 

Merge Sort
	Sorted: 362 502 1005 1301 1807 2929 3178 3699 3771 4065 4357 4749 5058 5277 5340 5487 5531 5808 6072 7269 7459 7581 8080 8228 8435 8840 8884 10155 10936 11404 11596 11598 11672 12823 13075 13088 13131 13260 13353 13899 14094 14099 14522 14768 14901 15179 15339 15394 15746 15881 16334 16582 16666 16725 16892 17096 17877 18182 18304 18813 19003 19281 19732 19993 20236 20412 20537 20658 21201 21344 21605 21620 21880 23005 23284 23340 23724 24076 24226 24633 24840 25551 26575 26668 27125 27341 27775 28676 28760 29405 31114 31209 31336 31660 31882 31904 31986 32099 32220 32613 

Quick Sort
	Sorted: 362 502 1005 1301 1807 2929 3178 3699 3771 4065 4357 4749 5058 5277 5340 5487 5531 5808 6072 7269 7459 7581 8080 8228 8435 8840 8884 10155 10936 11404 11596 11598 11672 12823 13075 13088 13131 13260 13353 13899 14094 14099 14522 14768 14901 15179 15339 15394 15746 15881 16334 16582 16666 16725 16892 17096 17877 18182 18304 18813 19003 19281 19732 19993 20236 20412 20537 20658 21201 21344 21605 21620 21880 23005 23284 23340 23724 24076 24226 24633 24840 25551 26575 26668 27125 27341 27775 28676 28760 29405 31114 31209 31336 31660 31882 31904 31986 32099 32220 32613 

Heap Sort
	Sorted: 362 502 1005 1301 1807 2929 3178 3699 3771 4065 4357 4749 5058 5277 5340 5487 5531 5808 6072 7269 7459 7581 8080 8228 8435 8840 8884 10155 10936 11404 11596 11598 11672 12823 13075 13088 13131 13260 13353 13899 14094 14099 14522 14768 14901 15179 15339 15394 15746 15881 16334 16582 16666 16725 16892 17096 17877 18182 18304 18813 19003 19281 19732 19993 20236 20412 20537 20658 21201 21344 21605 21620 21880 23005 23284 23340 23724 24076 24226 24633 24840 25551 26575 26668 27125 27341 27775 28676 28760 29405 31114 31209 31336 31660 31882 31904 31986 32099 32220 32613 


Randomized Values 

Original array:
	 10536 16916 8391 28667 18790 3390 8666 4683 2588 2925 

Selection Sort
	Sorted: 2588 2925 3390 4683 8391 8666 10536 16916 18790 28667 

Bubble Sort
	Sorted: 2588 2925 3390 4683 8391 8666 10536 16916 18790 28667 

Insertion Sort
	Sorted: 2588 2925 3390 4683 8391 8666 10536 16916 18790 28667 

Merge Sort
	Sorted: 2588 2925 3390 4683 8391 8666 10536 16916 18790 28667 

Quick Sort
	Sorted: 2588 2925 3390 4683 8391 8666 10536 16916 18790 28667 

Heap Sort
	Sorted: 2588 2925 3390 4683 8391 8666 10536 16916 18790 28667 


Randomized Values 

Original array:
	 16537 

Selection Sort
	Sorted: 16537 

Bubble Sort
	Sorted: 16537 

Insertion Sort
	Sorted: 16537 

Merge Sort
	Sorted: 16537 

Quick Sort
	Sorted: 16537 

Heap Sort
	Sorted: 16537 


Generated Values 

Original array:
	 101 102 103 104 105 106 107 108 109 110 111 112 113 114 115 116 117 118 119 120 121 122 123 124 125 126 127 128 129 130 131 132 133 134 135 136 137 138 139 140 141 142 143 144 145 146 147 148 149 150 151 152 153 154 155 156 157 158 159 160 161 162 163 164 165 166 167 168 169 170 171 172 173 174 175 176 177 178 179 180 181 182 183 184 185 186 187 188 189 190 191 192 193 194 195 196 197 198 199 200 

Selection Sort
	Sorted: 101 102 103 104 105 106 107 108 109 110 111 112 113 114 115 116 117 118 119 120 121 122 123 124 125 126 127 128 129 130 131 132 133 134 135 136 137 138 139 140 141 142 143 144 145 146 147 148 149 150 151 152 153 154 155 156 157 158 159 160 161 162 163 164 165 166 167 168 169 170 171 172 173 174 175 176 177 178 179 180 181 182 183 184 185 186 187 188 189 190 191 192 193 194 195 196 197 198 199 200 

Bubble Sort
	Sorted: 101 102 103 104 105 106 107 108 109 110 111 112 113 114 115 116 117 118 119 120 121 122 123 124 125 126 127 128 129 130 131 132 133 134 135 136 137 138 139 140 141 142 143 144 145 146 147 148 149 150 151 152 153 154 155 156 157 158 159 160 161 162 163 164 165 166 167 168 169 170 171 172 173 174 175 176 177 178 179 180 181 182 183 184 185 186 187 188 189 190 191 192 193 194 195 196 197 198 199 200 

Insertion Sort
	Sorted: 101 102 103 104 105 106 107 108 109 110 111 112 113 114 115 116 117 118 119 120 121 122 123 124 125 126 127 128 129 130 131 132 133 134 135 136 137 138 139 140 141 142 143 144 145 146 147 148 149 150 151 152 153 154 155 156 157 158 159 160 161 162 163 164 165 166 167 168 169 170 171 172 173 174 175 176 177 178 179 180 181 182 183 184 185 186 187 188 189 190 191 192 193 194 195 196 197 198 199 200 

Merge Sort
	Sorted: 101 102 103 104 105 106 107 108 109 110 111 112 113 114 115 116 117 118 119 120 121 122 123 124 125 126 127 128 129 130 131 132 133 134 135 136 137 138 139 140 141 142 143 144 145 146 147 148 149 150 151 152 153 154 155 156 157 158 159 160 161 162 163 164 165 166 167 168 169 170 171 172 173 174 175 176 177 178 179 180 181 182 183 184 185 186 187 188 189 190 191 192 193 194 195 196 197 198 199 200 

Quick Sort
	Sorted: 101 102 103 104 105 106 107 108 109 110 111 112 113 114 115 116 117 118 119 120 121 122 123 124 125 126 127 128 129 130 131 132 133 134 135 136 137 138 139 140 141 142 143 144 145 146 147 148 149 150 151 152 153 154 155 156 157 158 159 160 161 162 163 164 165 166 167 168 169 170 171 172 173 174 175 176 177 178 179 180 181 182 183 184 185 186 187 188 189 190 191 192 193 194 195 196 197 198 199 200 

Heap Sort
	Sorted: 101 102 103 104 105 106 107 108 109 110 111 112 113 114 115 116 117 118 119 120 121 122 123 124 125 126 127 128 129 130 131 132 133 134 135 136 137 138 139 140 141 142 143 144 145 146 147 148 149 150 151 152 153 154 155 156 157 158 159 160 161 162 163 164 165 166 167 168 169 170 171 172 173 174 175 176 177 178 179 180 181 182 183 184 185 186 187 188 189 190 191 192 193 194 195 196 197 198 199 200 